0.736416 -0.000000 406.114318 -0.741370 -1.240301 -1.492341
0.719940 -0.000000 371.866612 -0.730806 -1.216167 -1.562215
0.766750 -0.000000 379.388112 -0.714292 -1.153052 -1.541807
0.755328 0.000000 390.618676 -0.706116 -1.124540 -1.539642
0.715962 0.000000 383.043866 -0.714162 -1.171407 -1.596465
0.701645 0.000000 375.242083 -0.693959 -1.137927 -1.494892
0.726883 0.000000 405.782059 -0.746620 -1.219107 -1.545151
0.735031 -0.000000 390.836640 -0.752890 -1.190586 -1.504327
0.743370 -0.000000 383.838397 -0.752173 -1.236621 -1.615169
0.738235 -0.000000 392.922289 -0.718727 -1.128924 -1.609774
0.722905 -0.000000 393.418271 -0.726235 -1.124748 -1.579320
0.770369 0.000000 401.773435 -0.744041 -1.204115 -1.490644
0.752035 -0.000000 400.736289 -0.757992 -1.169406 -1.628904
0.765067 0.000000 388.755063 -0.733408 -1.189808 -1.518984
0.766741 -0.000000 380.107722 -0.756162 -1.231080 -1.493212
0.745912 -0.000000 398.485032 -0.728228 -1.126298 -1.581223
0.740666 -0.000000 404.674591 -0.756139 -1.165183 -1.605545
0.740526 0.000000 386.136486 -0.723941 -1.192481 -1.592872
0.765783 0.000000 394.125961 -0.763808 -1.132793 -1.546984
0.701937 -0.000000 397.944276 -0.723458 -1.230726 -1.561993
0.738391 -0.000000 373.159565 -0.712836 -1.187945 -1.547931
0.715154 -0.000000 381.454865 -0.708134 -1.222877 -1.620090
0.737710 0.000000 386.465619 -0.708974 -1.180587 -1.518139
0.770905 0.000000 393.731643 -0.713125 -1.181470 -1.479033
0.742904 -0.000000 386.628656 -0.759485 -1.185585 -1.539615
0.759830 -0.000000 393.007189 -0.754899 -1.157534 -1.629644
0.762903 0.000000 385.907212 -0.725804 -1.163040 -1.509995
0.742247 -0.000000 399.470447 -0.703821 -1.131900 -1.572433
0.702172 0.000000 403.979569 -0.759104 -1.235742 -1.564052
0.722353 0.000000 390.182937 -0.693027 -1.185732 -1.512473
0.772937 -0.000000 405.992383 -0.735435 -1.167121 -1.537479
0.773907 0.000000 406.682541 -0.694595 -1.239829 -1.620348
0.704705 -0.000000 379.589591 -0.726213 -1.153101 -1.551521
0.753144 0.000000 387.343256 -0.712749 -1.179984 -1.515611
0.709189 -0.000000 375.073554 -0.758357 -1.208404 -1.594400
0.741365 -0.000000 391.315001 -0.760325 -1.211682 -1.508634
0.739698 0.000000 399.909280 -0.758074 -1.166748 -1.623097
0.708111 0.000000 397.451767 -0.717194 -1.154149 -1.574262
0.708183 -0.000000 387.173013 -0.703018 -1.150862 -1.511135
0.728572 -0.000000 374.478959 -0.764568 -1.199553 -1.620148
0.726521 -0.000000 393.832474 -0.763682 -1.218630 -1.491660
0.751684 0.000000 389.860158 -0.744720 -1.185726 -1.538556
0.724492 -0.000000 401.150919 -0.724879 -1.158629 -1.514027
0.728509 -0.000000 371.513389 -0.729819 -1.136110 -1.584410
0.702462 0.000000 377.548924 -0.758945 -1.167297 -1.525706
0.766849 0.000000 400.278444 -0.747327 -1.155533 -1.513742
0.747262 0.000000 371.914480 -0.721042 -1.199196 -1.499298
0.748705 0.000000 381.476129 -0.757980 -1.178236 -1.582216
0.743172 -0.000000 388.764541 -0.750902 -1.157546 -1.554534
0.712109 0.000000 410.099575 -0.754939 -1.132935 -1.627115
0.716457 -0.000000 389.202426 -0.723035 -1.148725 -1.545210
0.733236 -0.000000 394.657106 -0.720714 -1.224770 -1.546892
0.735361 -0.000000 392.200221 -0.706874 -1.186204 -1.568649
0.771253 0.000000 374.274699 -0.712078 -1.147942 -1.524668
0.705499 0.000000 403.114950 -0.742557 -1.232318 -1.592743
0.705244 0.000000 404.437995 -0.734382 -1.161467 -1.571242
0.718108 -0.000000 401.954176 -0.726059 -1.200698 -1.509261
0.735853 0.000000 376.757451 -0.701028 -1.178900 -1.594958
0.718035 0.000000 394.292755 -0.720542 -1.137614 -1.571564
0.760418 -0.000000 399.598805 -0.728616 -1.234832 -1.534386
0.734839 -0.000000 384.551817 -0.748032 -1.194234 -1.624046
0.704279 0.000000 395.857805 -0.729042 -1.185009 -1.494319
0.751186 0.000000 390.454589 -0.737313 -1.205862 -1.527874
0.724784 -0.000000 409.738781 -0.717987 -1.139139 -1.508465
